                              program "gdiis"
                 geometry optimization by direct inversion
                           in the iterative subspace
            program source: P. Pulay's TEXAS modified by P. G. Szalay
                  updated to version 5.6 by Michal Dallos
                  conical intersection version  by Peter G. Szalay
                           version date: 31-jan-02



     ******************************************
     **    PROGRAM:              GDIIS       **
     **    PROGRAM VERSION:      5.9.0       **
     **    DISTRIBUTION VERSION: 5.9.a       **
     ******************************************

 coni  * option is set * 
 gdii  * option is set * 
    actual value: gdiis =                     7
 geom  * option is set * 
    No. of atoms = default
    actual value: geomfl= geom      
    actual value: geomfm= (1x,a2,1x,f6.0,4f14.8)        


          Initial Cartesian nuclear coordinates in angstrom

      #  Symb  Nuc      x           y           z          mass
    -----------------------------------------------------------------
      1   S     16  -0.8133474   0.0000011  -0.1131403  31.9720718
      2   O      8   0.4320116   0.0000000   1.4575257  15.9949146
      3   O      8   0.2118030   0.0000000  -1.2387943  15.9949146


 for1  * option is set * 
    actual value: forcfl= cartforce1
    actual value: forcfm=    (3d15.7)                   


          Cartesian forces state 1

      #  Symb        fx          fy          fz
    --------------------------------------------------
      1   S        0.421721    0.000000    0.079894
      2   O       -0.225487    0.000000   -0.233286
      3   O       -0.196233    0.000000    0.153392
 for2  * option is set * 
    actual value: forcfl= cartforce2
    actual value: forcfm=    (3d15.7)                   


          Cartesian forces state 2

      #  Symb        fx          fy          fz
    --------------------------------------------------
      1   S        0.353544    0.000000    0.066969
      2   O       -0.189030    0.000000   -0.195564
      3   O       -0.164513    0.000000    0.128596
 intc  * option is set * 
    actual value: intcfl= intcfl    
 fmfl  * option is set * 
    actual value: fmatfl= intcfl    
 nuse  * option is set * 
    actual value: nuse  =                     5
 mess  * option is set * 
    actual value: mess  =gdiismg   
 lonl  * option is set * 
    actual value: lonl =                     0
 lalw  * option is set * 
    actual value: lalw =                     1

           this is a conical intersection search

                energy(state1)   =     -547.1434373600
                energy(state2)   =     -547.1434373590
                energy difference=       -0.0000000010
 conintset, ios=                      0
 bfgs  option is switched off
 

          B matrix

              intc   1       intc   2       intc   3
 cart   1    -0.62129009    -0.67333010     0.87652407
 cart   2     0.00000053     0.00000070    -0.00000082
 cart   3    -0.78358064     0.73934199     0.13229877
 cart   4     0.62129009     0.00000000    -0.39091609
 cart   5    -0.00000053     0.00000000     0.00000039
 cart   6     0.78358064     0.00000000     0.30995188
 cart   7     0.00000000     0.67333010    -0.48560798
 cart   8     0.00000000    -0.00000070     0.00000043
 cart   9     0.00000000    -0.73934199    -0.44225065
 
               linear equation solved in   3 itererations
               lin. eq. sol. residuum= .13091741E-16
               linear equation solved in   3 itererations
               lin. eq. sol. residuum= .63239480E-17
               linear equation solved in   1 itererations
               lin. eq. sol. residuum= .00000000E+00
 zeta1=  -6.18789715170000      zeta2=  0.000000000000000E+000

  internal coordinates and forces (fi1,fi2,hi)

   1     2.0044727   -0.3228917   -0.2706831    0.0000000
   2     1.5225079   -0.2455387   -0.2058481    0.0000000
   3     1.7325009    0.0636405    0.0533553    0.0000000

              internal coordinates and forces 

   1     2.0044727    0.0001695
   2     1.5225079    0.0000629
   3     1.7325009   -0.0000036
   4    -6.1878972    0.0000000
   5     0.0000000    0.0000000
 maximum force on coord.    1 =    0.0001695

   Hessian matrix constructed form diag el. only:

   Force constants:
    5.00000   5.00000   1.00000

          Q matrix

               int   1        int   2        int   3        int   4
  int   1     5.00000000     0.00000000     0.00000000     0.05220856
  int   2     0.00000000     5.00000000     0.00000000     0.03969065
  int   3     0.00000000     0.00000000     1.00000000    -0.01028526
  int   4     0.05220856     0.03969065    -0.01028526     0.00000000

   Calculating the inverse Q matrix

          Inverse Q matrix

               int   1        int   2        int   3        int   4
  int   1     0.08713352    -0.08580478     0.11117540    10.80919397
  int   2    -0.08580478     0.13476841     0.08451916     8.21750165
  int   3     0.11117540     0.08451916     0.89049035   -10.64723956
  int   4    10.80919397     8.21750165   -10.64723956 -1035.19374906


 Eigenvalues of the HESSIAN matrix
      -0.001       5.001       5.000       1.000

          eigenvectors of the inverse HESSIAN matrix

              vec    1       vec    2       vec    3       vec    4
 csf    1    -0.01043825     0.79600453    -0.60520063    -0.00013408
 csf    2    -0.00793549     0.60514860     0.79607298    -0.00010193
 csf    3     0.01027391    -0.00003371     0.00000000    -0.99994722
 csf    4     0.99986125     0.01311321     0.00000000     0.01027259
          Performing Newton-Raphson step


 projected energy lowering=    0.00000000 ajoule    0.00000000 hartree total energy= -547.14343736 hartree

  GEOMETRY CHANGE AND NEW INTERNAL COORDINATES

   1     0.0000090    2.0044817
   2    -0.0000063    1.5225016
   3     0.0000209    1.7325218
   4     0.0023827   -6.1855145
 ROUND   4  -547.14343736  -547.14343736
 MAX. FORCE=   1  0.0001695
 MAX. COORD. CHANGE=   3  0.0000209
 MAX. ENERGY CHANGE   1 0.12711E-06


     ************************************************************

          Beginning the iterative coordinate transformation:
            internal --> cartesian coordinates


     Main parameters:
          Number of iterations:             150
          Convergance criterion:            .50000000E-08
          Max. int. coor. change in 1 iter:  0.100

          Geometries:
            starting         change           final
        --------------------------------------------------
           2.00447273       0.00000902       2.00448174
           1.52250790      -0.00000634       1.52250156
           1.73250087       0.00002089       1.73252177
 

  -----  Beginning iteration:   1  -----

          Starting geometry:
            2.0044727281
            1.5225078964
            1.7325008711
          Max. abs. geometry deviation:  0.20894297E-04
 Solving: Bt*B*x=Bt*q
               linear equation solved in   3 itererations
               lin. eq. sol. residuum= .22234615E-20

  -----  Beginning iteration:   2  -----

          Starting geometry:
            2.0044817449
            1.5225015603
            1.7325217654
          Max. abs. geometry deviation:  0.10141532E-09

          * * *  Convergence reached  * * *

          End of the iterative coordinate transformation

     ************************************************************


Changes of the Lagrange multipliers
          old value      change        new value
   zeta1:  -6.187897     0.002383    -6.185514


     Convergence of the geometry optimizations:

        criterion                  required       actual        conv.
   ----------------------------------------------------------------------
     Maximal coordinate change:    0.0010000      0.0000209     yes
     Coordinate rms value          0.0002000      0.0000137     yes
     Maximal gradient change:      0.0010000      0.0001695     yes
     Gradient rms value            0.0002000      0.0000873     yes


          *** Geometry optimization converged! ***




     New cartesian geometry written on file:
                 UNIT= 78  FILENAME= gdiismg   
     with exitcode= converged; convergence reached          

                    nuclear coordinates in angstrom 

 S     16.   -0.81334152    0.00000106   -0.11314332   31.97207180
 O      8.    0.43200844    0.00000000    1.45754142   15.99491464
 O      8.    0.21179162    0.00000000   -1.23880448   15.99491464

                    nuclear coordinates in a.u.

 S     16.   -1.53699261    0.00000200   -0.21380986   31.97207180
 O      8.    0.81637757    0.00000000    2.75435391   15.99491464
 O      8.    0.40022813    0.00000000   -2.34100101   15.99491464
